DEGREE	SINUS	COSINUS
=====	=====	=======
     	0.000000   	1.000000   
     	0.017444   	0.999848   
     	0.034882   	0.999391   
     	0.052309   	0.998631   
     	0.069721   	0.997567   
     	0.087112   	0.996199   
     	0.104476   	0.994527   
     	0.121808   	0.992554   
     	0.139103   	0.990278   
     	0.156356   	0.987701   
     	0.173561   	0.984823   
     	0.190713   	0.981646   
     	0.207808   	0.978170   
     	0.224839   	0.974396   
     	0.241802   	0.970326   
     	0.258691   	0.965960   
     	0.275501   	0.961301   
     	0.292228   	0.956349   
     	0.308866   	0.951106   
     	0.325409   	0.945573   
     	0.341854   	0.939753   
     	0.358194   	0.933647   
     	0.374426   	0.927257   
     	0.390544   	0.920584   
     	0.406543   	0.913632   
     	0.422418   	0.906401   
     	0.438164   	0.898895   
     	0.453778   	0.891115   
     	0.469253   	0.883064   
     	0.484585   	0.874744   
     	0.499770   	0.866158   
     	0.514803   	0.857309   
     	0.529679   	0.848198   
     	0.544394   	0.838830   
     	0.558943   	0.829206   
     	0.573323   	0.819330   
     	0.587528   	0.809204   
     	0.601554   	0.798832   
     	0.615396   	0.788218   
     	0.629052   	0.777363   
     	0.642516   	0.766272   
     	0.655785   	0.754948   
     	0.668854   	0.743393   
     	0.681720   	0.731613   
     	0.694378   	0.719610   
     	0.706825   	0.707388   
     	0.719057   	0.694951   
     	0.731070   	0.682302   
     	0.742861   	0.669446   
     	0.754425   	0.656386   
     	0.765760   	0.643126   
     	0.776862   	0.629671   
     	0.787727   	0.616024   
     	0.798353   	0.602189   
     	0.808736   	0.588172   
     	0.818873   	0.573975   
     	0.828760   	0.559604   
     	0.838396   	0.545062   
     	0.847776   	0.530354   
     	0.856898   	0.515485   
     	0.865760   	0.500460   
     	0.874358   	0.485282   
     	0.882690   	0.469956   
     	0.890753   	0.454487   
     	0.898546   	0.438880   
     	0.906065   	0.423139   
     	0.913308   	0.407270   
     	0.920273   	0.391277   
     	0.926958   	0.375164   
     	0.933361   	0.358938   
     	0.939481   	0.342602   
     	0.945314   	0.326162   
     	0.950859   	0.309623   
     	0.956116   	0.292989   
     	0.961081   	0.276267   
     	0.965754   	0.259460   
     	0.970133   	0.242574   
     	0.974217   	0.225615   
     	0.978004   	0.208587   
     	0.981494   	0.191495   
     	0.984685   	0.174345   
     	0.987576   	0.157142   
     	0.990167   	0.139892   
     	0.992456   	0.122598   
     	0.994444   	0.105268   
     	0.996129   	0.087905   
     	0.997511   	0.070516   
     	0.998589   	0.053105   
     	0.999363   	0.035678   
     	0.999834   	0.018240   
     	1.000000   	0.000796   
     	0.999861   	-0.016647   
     	0.999419   	-0.034086   
     	0.998672   	-0.051514   
     	0.997622   	-0.068927   
     	0.996268   	-0.086318   
     	0.994610   	-0.103684   
     	0.992650   	-0.121017   
     	0.990388   	-0.138314   
     	0.987825   	-0.155569   
     	0.984961   	-0.172777   
     	0.981797   	-0.189932   
     	0.978335   	-0.207029   
     	0.974575   	-0.224063   
     	0.970518   	-0.241029   
     	0.966166   	-0.257922   
     	0.961520   	-0.274736   
     	0.956581   	-0.291466   
     	0.951351   	-0.308108   
     	0.945832   	-0.324656   
     	0.940025   	-0.341105   
     	0.933932   	-0.357451   
     	0.927555   	-0.373688   
     	0.920895   	-0.389811   
     	0.913955   	-0.405815   
     	0.906737   	-0.421696   
     	0.899244   	-0.437448   
     	0.891476   	-0.453068   
     	0.883437   	-0.468549   
     	0.875130   	-0.483888   
     	0.866556   	-0.499080   
     	0.857718   	-0.514120   
     	0.848620   	-0.529004   
     	0.839263   	-0.543726   
     	0.829651   	-0.558283   
     	0.819786   	-0.572670   
     	0.809672   	-0.586883   
     	0.799311   	-0.600917   
     	0.788708   	-0.614769   
     	0.777864   	-0.628433   
     	0.766783   	-0.641906   
     	0.755470   	-0.655184   
     	0.743926   	-0.668262   
     	0.732156   	-0.681137   
     	0.720163   	-0.693805   
     	0.707951   	-0.706262   
     	0.695523   	-0.718503   
     	0.682884   	-0.730526   
     	0.670038   	-0.742327   
     	0.656987   	-0.753902   
     	0.643736   	-0.765248   
     	0.630289   	-0.776360   
     	0.616651   	-0.787237   
     	0.602825   	-0.797873   
     	0.588816   	-0.808267   
     	0.574627   	-0.818415   
     	0.560263   	-0.828315   
     	0.545729   	-0.837961   
     	0.531029   	-0.847353   
     	0.516168   	-0.856488   
     	0.501149   	-0.865361   
     	0.485978   	-0.873971   
     	0.470659   	-0.882315   
     	0.455196   	-0.890391   
     	0.439595   	-0.898196   
     	0.423861   	-0.905727   
     	0.407997   	-0.912983   
     	0.392009   	-0.919961   
     	0.375902   	-0.926659   
     	0.359681   	-0.933075   
     	0.343350   	-0.939207   
     	0.326915   	-0.945054   
     	0.310380   	-0.950613   
     	0.293751   	-0.955882   
     	0.277032   	-0.960861   
     	0.260229   	-0.965547   
     	0.243347   	-0.969939   
     	0.226391   	-0.974037   
     	0.209365   	-0.977837   
     	0.192277   	-0.981341   
     	0.175129   	-0.984545   
     	0.157929   	-0.987451   
     	0.140680   	-0.990055   
     	0.123389   	-0.992358   
     	0.106059   	-0.994360   
     	0.088698   	-0.996059   
     	0.071310   	-0.997454   
     	0.053900   	-0.998546   
     	0.036473   	-0.999335   
     	0.019036   	-0.999819   
     	0.001593   	-0.999999   
     	-0.015851   	-0.999874   
     	-0.033290   	-0.999446   
     	-0.050719   	-0.998713   
     	-0.068132   	-0.997676   
     	-0.085525   	-0.996336   
     	-0.102892   	-0.994693   
     	-0.120227   	-0.992746   
     	-0.137526   	-0.990498   
     	-0.154783   	-0.987949   
     	-0.171992   	-0.985098   
     	-0.189150   	-0.981948   
     	-0.206250   	-0.978499   
     	-0.223287   	-0.974753   
     	-0.240256   	-0.970710   
     	-0.257152   	-0.966371   
     	-0.273970   	-0.961738   
     	-0.290704   	-0.956813   
     	-0.307350   	-0.951596   
     	-0.323903   	-0.946090   
     	-0.340357   	-0.940296   
     	-0.356707   	-0.934216   
     	-0.372949   	-0.927852   
     	-0.389077   	-0.921205   
     	-0.405087   	-0.914278   
     	-0.420974   	-0.907073   
     	-0.436732   	-0.899592   
     	-0.452358   	-0.891837   
     	-0.467846   	-0.883810   
     	-0.483191   	-0.875515   
     	-0.498390   	-0.866953   
     	-0.513437   	-0.858127   
     	-0.528328   	-0.849041   
     	-0.543057   	-0.839696   
     	-0.557622   	-0.830095   
     	-0.572017   	-0.820242   
     	-0.586238   	-0.810139   
     	-0.600281   	-0.799790   
     	-0.614140   	-0.789197   
     	-0.627813   	-0.778364   
     	-0.641295   	-0.767294   
     	-0.654582   	-0.755991   
     	-0.667670   	-0.744458   
     	-0.680554   	-0.732698   
     	-0.693231   	-0.720715   
     	-0.705698   	-0.708513   
     	-0.717949   	-0.696095   
     	-0.729982   	-0.683466   
     	-0.741793   	-0.670628   
     	-0.753379   	-0.657587   
     	-0.764735   	-0.644345   
     	-0.775858   	-0.630907   
     	-0.786745   	-0.617278   
     	-0.797393   	-0.603460   
     	-0.807798   	-0.589459   
     	-0.817958   	-0.575278   
     	-0.827868   	-0.560923   
     	-0.837527   	-0.546397   
     	-0.846930   	-0.531704   
     	-0.856076   	-0.516850   
     	-0.864962   	-0.501838   
     	-0.873584   	-0.486674   
     	-0.881940   	-0.471361   
     	-0.890028   	-0.455905   
     	-0.897846   	-0.440311   
     	-0.905390   	-0.424582   
     	-0.912658   	-0.408724   
     	-0.919649   	-0.392742   
     	-0.926360   	-0.376640   
     	-0.932789   	-0.360424   
     	-0.938934   	-0.344098   
     	-0.944793   	-0.327667   
     	-0.950365   	-0.311137   
     	-0.955648   	-0.294512   
     	-0.960640   	-0.277797   
     	-0.965339   	-0.260998   
     	-0.969745   	-0.244119   
     	-0.973856   	-0.227166   
     	-0.977670   	-0.210144   
     	-0.981187   	-0.193058   
     	-0.984406   	-0.175913   
     	-0.987324   	-0.158715   
     	-0.989943   	-0.141468   
     	-0.992260   	-0.124179   
     	-0.994275   	-0.106851   
     	-0.995988   	-0.089491   
     	-0.997397   	-0.072104   
     	-0.998503   	-0.054695   
     	-0.999305   	-0.037269   
     	-0.999803   	-0.019832   
     	-0.999997   	-0.002389   
     	-0.999887   	0.015055   
     	-0.999472   	0.032494   
     	-0.998753   	0.049924   
     	-0.997730   	0.067338   
     	-0.996404   	0.084732   
     	-0.994774   	0.102099   
     	-0.992842   	0.119436   
     	-0.990607   	0.136737   
     	-0.988072   	0.153996   
     	-0.985235   	0.171208   
     	-0.982099   	0.188368   
     	-0.978663   	0.205470   
     	-0.974930   	0.222511   
     	-0.970901   	0.239483   
     	-0.966575   	0.256382   
     	-0.961956   	0.273204   
     	-0.957044   	0.289942   
     	-0.951841   	0.306592   
     	-0.946348   	0.323149   
     	-0.940567   	0.339608   
     	-0.934500   	0.355963   
     	-0.928149   	0.372210   
     	-0.921515   	0.388343   
     	-0.914600   	0.404359   
     	-0.907408   	0.420251   
     	-0.899939   	0.436016   
     	-0.892196   	0.451647   
     	-0.884182   	0.467142   
     	-0.875899   	0.482494   
     	-0.867350   	0.497699   
     	-0.858536   	0.512753   
     	-0.849461   	0.527651   
     	-0.840128   	0.542389   
     	-0.830539   	0.556961   
     	-0.820697   	0.571364   
     	-0.810605   	0.585593   
     	-0.800267   	0.599643   
     	-0.789686   	0.613512   
     	-0.778864   	0.627193   
     	-0.767805   	0.640684   
     	-0.756512   	0.653980   
     	-0.744989   	0.667077   
     	-0.733240   	0.679970   
     	-0.721267   	0.692657   
     	-0.709075   	0.705133   
     	-0.696667   	0.717395   
     	-0.684047   	0.729438   
     	-0.671219   	0.741259   
     	-0.658187   	0.752855   
     	-0.644954   	0.764221   
     	-0.631525   	0.775355   
     	-0.617904   	0.786253   
     	-0.604095   	0.796912   
     	-0.590102   	0.807329   
     	-0.575930   	0.817499   
     	-0.561582   	0.827421   
     	-0.547063   	0.837091   
     	-0.532378   	0.846507   
     	-0.517531   	0.855664   
     	-0.502527   	0.864562   
     	-0.487369   	0.873196   
     	-0.472063   	0.881565   
     	-0.456614   	0.889665   
     	-0.441025   	0.897495   
     	-0.425303   	0.905051   
     	-0.409451   	0.912332   
     	-0.393474   	0.919336   
     	-0.377378   	0.926059   
     	-0.361167   	0.932501   
     	-0.344846   	0.938659   
     	-0.328419   	0.944532   
     	-0.311894   	0.950117   
     	-0.295273   	0.955413   
     	-0.278562   	0.960418   
     	-0.261766   	0.965131   
     	-0.244891   	0.969551   
     	-0.227942   	0.973675   
     	-0.210923   	0.977503   
     	-0.193839   	0.981033   
     	-0.176697   	0.984265   
     	-0.159501   	0.987198   
     	-0.142257   	0.989830   
     	-0.124969   	0.992161   
     	-0.107643   	0.994190   
     	-0.090284   	0.995916   
     	-0.072898   	0.997339   
     	-0.055490   	0.998459   
     	-0.038065   	0.999275   
     	-0.020628   	0.999787   
     	-0.003185   	0.999995   
